****************************************************************************************************
Project Name:                                                               GHEDesigner Run from CLI
****************************************************************************************************
Notes:

Notes
****************************************************************************************************
File/Model Name:                                                                      Iteration Name
Simulated On:                                                                 03/17/2026 12:38:23 PM
Simulated By:                                                                                 Author
Calculation Time, s:                                                                          12.925

----------------------------------------- Design Selection -----------------------------------------
----------------------------------------- Field Search Log -----------------------------------------
****************************************************************************************************
          Field             Excess Temperature         Max Temperature          Min Temperature
                                    (C)                      (C)                      (C)
****************************************************************************************************
   1X1_B110.00_B211.11            1988.40                  2023.40                  -429.21
   1X1_B110.00_B211.11            843.42                   878.42                   -158.38
  34X10_B13.03_B211.11            -11.91                    23.09                    18.23
  13X10_B18.33_B211.11            -11.59                    23.41                    18.19
  11X2_B110.00_B211.11            -11.18                    23.82                    18.13
   7X1_B110.00_B211.11            -10.80                    24.20                    18.07
   4X1_B110.00_B211.11            -10.39                    24.61                    18.01
   3X1_B110.00_B211.11            -10.20                    24.80                    17.98
   2X1_B110.00_B211.11            -10.03                    24.97                    17.95
   7X1_B110.00_B211.11            -10.80                    24.20                    18.07
   1X1_B110.00_B211.11            1988.40                  2023.40                  -429.21
   1X1_B110.00_B211.11            843.42                   878.42                   -158.38
  51X10_B12.00_B211.11            -10.03                    24.97                    17.95
  22X10_B14.76_B211.11             -7.91                    27.09                    17.50
  11X6_B110.00_B211.11             3.21                     38.21                    15.62
  15X10_B17.14_B211.11             -6.16                    28.84                    17.12
  11X10_B110.00_B211.11            -4.20                    30.80                    16.69
  11X8_B110.00_B211.11             -1.34                    33.66                    16.29
  11X7_B110.00_B211.11             0.64                     35.64                    16.01
   7X1_B110.00_B211.11            121.51                   156.51                    -6.94
****************************************************************************************************

-------------------------------------------- GHE System --------------------------------------------
--------------------------------------- gFunction LTS Values ---------------------------------------
****************************************************************************************************
      ln(t/ts)           H: 60.00 m          H: 97.50 m         H: 135.00 m         H: 122.58 m
****************************************************************************************************
       -8.500              1.813               2.293               2.617               2.527
       -7.800              2.157               2.639               2.964               2.874
       -7.200              2.452               2.936               3.261               3.171
       -6.500              2.796               3.281               3.606               3.516
       -5.900              3.090               3.575               3.902               3.811
       -5.200              3.430               3.918               4.287               4.178
       -4.500              3.767               4.306               4.876               4.684
       -3.963              4.031               4.735               5.636               5.316
       -3.270              4.453               5.666               7.295               6.709
       -2.864              4.814               6.523               8.787               7.975
       -2.577              5.153               7.318               10.141              9.133
       -2.171              5.788               8.771               12.529              11.199
       -1.884              6.373               10.064              14.579              12.993
       -1.191              8.349               14.089              20.489              18.297
       -0.497              11.185              19.124              27.091              24.449
       -0.274              12.263              20.851              29.176              26.448
       -0.051              13.372              22.513              31.100              28.317
       0.196               14.600              24.231              33.012              30.198
       0.419               15.667              25.614              34.488              31.668
       0.642               16.667              26.831              35.752              32.935
       0.873               17.595              27.887              36.819              34.012
       1.112               18.420              28.769              37.692              34.895
       1.335               19.065              29.425              38.336              35.546
       1.679               19.825              30.164              39.057              36.272
       2.028               20.363              30.669              39.548              36.765
       2.275               20.637              30.920              39.791              37.010
       3.003               21.101              31.341              40.198              37.418
****************************************************************************************************

---------------------------------------- System Parameters -----------------------------------------
Active Borehole Length, m:                                                                       123
Borehole Diameter, mm:                                                                        140.00
Borehole Spacing, m:                                                                          11.111
Borehole Depth, m:                                                                              2.00
Total Drilling, m:                                                                             10787
Field Geometry:
    Field Type:                                                                         bi-rectangle
    Field Specifier:                                                            11X8_B110.00_B211.11
    NBH:                                                                                          88
Borehole Information:
    Pipe Outer Diameter, mm:                                                                   42.16
    Pipe Inner Diameter, mm:                                                                   34.04
    Pipe Roughness, m:                                                                     1.000e-06
    Pipe Thermal Conductivity, W/m-K:                                                          0.400
    Pipe Volumetric Heat Capacity, kJ/m3-K:                                                  1542.00
    Shank Spacing, mm:                                                                         18.56
    Grout Thermal Conductivity, W/(m-K):                                                       1.000
    Grout Volumetric Heat Capacity, kJ/m3-K:                                                 3901.00
    Reynold's Number:                                                                          18631
    Effective Borehole Resistance, K/(W/m):                                                   0.1504
Soil Properties:
    Thermal Conductivity, W/m-K:                                                               2.000
    Volumetric Heat Capacity, kJ/m3-K:                                                       2343.49
    Undisturbed Ground Temperature, C:                                                         18.30
Fluid Properties
    Volumetric Heat Capacity, kJ/m3-K:                                                       4174.44
    Thermal Conductivity, W/m-K:                                                                0.60
    Viscosity, Pa-s:                                                                       1.002e-03
    Fluid Mix:                                                                                 WATER
    Density, kg/m^3:                                                                          998.20
    Mass Flow Rate Per Borehole, kg/s:                                                         0.499

---------------------------------------- GLHE Monthly Loads ----------------------------------------
****************************************************************************************************
     Month      Total Heating Total Cooling  Peak Heating  PH Duration   Peak Cooling  PC Duration
                     kWh           kWh            kW            hr            kW            hr
****************************************************************************************************
    January        11501.9        2985.3        176.0          1.8          101.7          3.3
   February        6088.6         7348.2        180.0          1.8          168.6          5.2
     March          520.0        24242.5         44.3          1.1          249.9          6.5
     April          145.8        38355.4         45.4          1.0          254.2          5.9
      May            0.4         66819.1         0.3           1.0          337.1          6.5
     June            0.0         92585.0         0.0           0.0          357.1          8.3
     July            0.0         101198.1        0.0           0.0          372.2          9.0
    August           0.0         113087.5        0.0           0.0          379.2          6.8
   September         0.0         72806.6         0.0           0.0          369.8          7.0
    October         194.3        36684.0         44.4          1.0          319.9          6.0
   November        1385.2        14823.0        111.8          1.3          187.1          4.8
   December        4749.6         6905.2        149.0          1.4          164.4          4.4
    January        11501.9        2985.3        176.0          1.8          101.7          3.3
   February        6088.6         7348.2        180.0          1.8          168.6          5.2
     March          520.0        24242.5         44.3          1.1          249.9          6.5
     April          145.8        38355.4         45.4          1.0          254.2          5.9
      May            0.4         66819.1         0.3           1.0          337.1          6.5
     June            0.0         92585.0         0.0           0.0          357.1          8.3
     July            0.0         101198.1        0.0           0.0          372.2          9.0
    August           0.0         113087.5        0.0           0.0          379.2          6.8
   September         0.0         72806.6         0.0           0.0          369.8          7.0
    October         194.3        36684.0         44.4          1.0          319.9          6.0
   November        1385.2        14823.0        111.8          1.3          187.1          4.8
   December        4749.6         6905.2        149.0          1.4          164.4          4.4
    January        11501.9        2985.3        176.0          1.8          101.7          3.3
   February        6088.6         7348.2        180.0          1.8          168.6          5.2
     March          520.0        24242.5         44.3          1.1          249.9          6.5
     April          145.8        38355.4         45.4          1.0          254.2          5.9
      May            0.4         66819.1         0.3           1.0          337.1          6.5
     June            0.0         92585.0         0.0           0.0          357.1          8.3
     July            0.0         101198.1        0.0           0.0          372.2          9.0
    August           0.0         113087.5        0.0           0.0          379.2          6.8
   September         0.0         72806.6         0.0           0.0          369.8          7.0
    October         194.3        36684.0         44.4          1.0          319.9          6.0
   November        1385.2        14823.0        111.8          1.3          187.1          4.8
   December        4749.6         6905.2        149.0          1.4          164.4          4.4
    January        11501.9        2985.3        176.0          1.8          101.7          3.3
   February        6088.6         7348.2        180.0          1.8          168.6          5.2
     March          520.0        24242.5         44.3          1.1          249.9          6.5
     April          145.8        38355.4         45.4          1.0          254.2          5.9
      May            0.4         66819.1         0.3           1.0          337.1          6.5
     June            0.0         92585.0         0.0           0.0          357.1          8.3
     July            0.0         101198.1        0.0           0.0          372.2          9.0
    August           0.0         113087.5        0.0           0.0          379.2          6.8
   September         0.0         72806.6         0.0           0.0          369.8          7.0
    October         194.3        36684.0         44.4          1.0          319.9          6.0
   November        1385.2        14823.0        111.8          1.3          187.1          4.8
   December        4749.6         6905.2        149.0          1.4          164.4          4.4
    January        11501.9        2985.3        176.0          1.8          101.7          3.3
   February        6088.6         7348.2        180.0          1.8          168.6          5.2
     March          520.0        24242.5         44.3          1.1          249.9          6.5
     April          145.8        38355.4         45.4          1.0          254.2          5.9
      May            0.4         66819.1         0.3           1.0          337.1          6.5
     June            0.0         92585.0         0.0           0.0          357.1          8.3
     July            0.0         101198.1        0.0           0.0          372.2          9.0
    August           0.0         113087.5        0.0           0.0          379.2          6.8
   September         0.0         72806.6         0.0           0.0          369.8          7.0
    October         194.3        36684.0         44.4          1.0          319.9          6.0
   November        1385.2        14823.0        111.8          1.3          187.1          4.8
   December        4749.6         6905.2        149.0          1.4          164.4          4.4
    January        11501.9        2985.3        176.0          1.8          101.7          3.3
   February        6088.6         7348.2        180.0          1.8          168.6          5.2
     March          520.0        24242.5         44.3          1.1          249.9          6.5
     April          145.8        38355.4         45.4          1.0          254.2          5.9
      May            0.4         66819.1         0.3           1.0          337.1          6.5
     June            0.0         92585.0         0.0           0.0          357.1          8.3
     July            0.0         101198.1        0.0           0.0          372.2          9.0
    August           0.0         113087.5        0.0           0.0          379.2          6.8
   September         0.0         72806.6         0.0           0.0          369.8          7.0
    October         194.3        36684.0         44.4          1.0          319.9          6.0
   November        1385.2        14823.0        111.8          1.3          187.1          4.8
   December        4749.6         6905.2        149.0          1.4          164.4          4.4
    January        11501.9        2985.3        176.0          1.8          101.7          3.3
   February        6088.6         7348.2        180.0          1.8          168.6          5.2
     March          520.0        24242.5         44.3          1.1          249.9          6.5
     April          145.8        38355.4         45.4          1.0          254.2          5.9
      May            0.4         66819.1         0.3           1.0          337.1          6.5
     June            0.0         92585.0         0.0           0.0          357.1          8.3
     July            0.0         101198.1        0.0           0.0          372.2          9.0
    August           0.0         113087.5        0.0           0.0          379.2          6.8
   September         0.0         72806.6         0.0           0.0          369.8          7.0
    October         194.3        36684.0         44.4          1.0          319.9          6.0
   November        1385.2        14823.0        111.8          1.3          187.1          4.8
   December        4749.6         6905.2        149.0          1.4          164.4          4.4
    January        11501.9        2985.3        176.0          1.8          101.7          3.3
   February        6088.6         7348.2        180.0          1.8          168.6          5.2
     March          520.0        24242.5         44.3          1.1          249.9          6.5
     April          145.8        38355.4         45.4          1.0          254.2          5.9
      May            0.4         66819.1         0.3           1.0          337.1          6.5
     June            0.0         92585.0         0.0           0.0          357.1          8.3
     July            0.0         101198.1        0.0           0.0          372.2          9.0
    August           0.0         113087.5        0.0           0.0          379.2          6.8
   September         0.0         72806.6         0.0           0.0          369.8          7.0
    October         194.3        36684.0         44.4          1.0          319.9          6.0
   November        1385.2        14823.0        111.8          1.3          187.1          4.8
   December        4749.6         6905.2        149.0          1.4          164.4          4.4
    January        11501.9        2985.3        176.0          1.8          101.7          3.3
   February        6088.6         7348.2        180.0          1.8          168.6          5.2
     March          520.0        24242.5         44.3          1.1          249.9          6.5
     April          145.8        38355.4         45.4          1.0          254.2          5.9
      May            0.4         66819.1         0.3           1.0          337.1          6.5
     June            0.0         92585.0         0.0           0.0          357.1          8.3
     July            0.0         101198.1        0.0           0.0          372.2          9.0
    August           0.0         113087.5        0.0           0.0          379.2          6.8
   September         0.0         72806.6         0.0           0.0          369.8          7.0
    October         194.3        36684.0         44.4          1.0          319.9          6.0
   November        1385.2        14823.0        111.8          1.3          187.1          4.8
   December        4749.6         6905.2        149.0          1.4          164.4          4.4
    January        11501.9        2985.3        176.0          1.8          101.7          3.3
   February        6088.6         7348.2        180.0          1.8          168.6          5.2
     March          520.0        24242.5         44.3          1.1          249.9          6.5
     April          145.8        38355.4         45.4          1.0          254.2          5.9
      May            0.4         66819.1         0.3           1.0          337.1          6.5
     June            0.0         92585.0         0.0           0.0          357.1          8.3
     July            0.0         101198.1        0.0           0.0          372.2          9.0
    August           0.0         113087.5        0.0           0.0          379.2          6.8
   September         0.0         72806.6         0.0           0.0          369.8          7.0
    October         194.3        36684.0         44.4          1.0          319.9          6.0
   November        1385.2        14823.0        111.8          1.3          187.1          4.8
   December        4749.6         6905.2        149.0          1.4          164.4          4.4
    January        11501.9        2985.3        176.0          1.8          101.7          3.3
   February        6088.6         7348.2        180.0          1.8          168.6          5.2
     March          520.0        24242.5         44.3          1.1          249.9          6.5
     April          145.8        38355.4         45.4          1.0          254.2          5.9
      May            0.4         66819.1         0.3           1.0          337.1          6.5
     June            0.0         92585.0         0.0           0.0          357.1          8.3
     July            0.0         101198.1        0.0           0.0          372.2          9.0
    August           0.0         113087.5        0.0           0.0          379.2          6.8
   September         0.0         72806.6         0.0           0.0          369.8          7.0
    October         194.3        36684.0         44.4          1.0          319.9          6.0
   November        1385.2        14823.0        111.8          1.3          187.1          4.8
   December        4749.6         6905.2        149.0          1.4          164.4          4.4
    January        11501.9        2985.3        176.0          1.8          101.7          3.3
   February        6088.6         7348.2        180.0          1.8          168.6          5.2
     March          520.0        24242.5         44.3          1.1          249.9          6.5
     April          145.8        38355.4         45.4          1.0          254.2          5.9
      May            0.4         66819.1         0.3           1.0          337.1          6.5
     June            0.0         92585.0         0.0           0.0          357.1          8.3
     July            0.0         101198.1        0.0           0.0          372.2          9.0
    August           0.0         113087.5        0.0           0.0          379.2          6.8
   September         0.0         72806.6         0.0           0.0          369.8          7.0
    October         194.3        36684.0         44.4          1.0          319.9          6.0
   November        1385.2        14823.0        111.8          1.3          187.1          4.8
   December        4749.6         6905.2        149.0          1.4          164.4          4.4
    January        11501.9        2985.3        176.0          1.8          101.7          3.3
   February        6088.6         7348.2        180.0          1.8          168.6          5.2
     March          520.0        24242.5         44.3          1.1          249.9          6.5
     April          145.8        38355.4         45.4          1.0          254.2          5.9
      May            0.4         66819.1         0.3           1.0          337.1          6.5
     June            0.0         92585.0         0.0           0.0          357.1          8.3
     July            0.0         101198.1        0.0           0.0          372.2          9.0
    August           0.0         113087.5        0.0           0.0          379.2          6.8
   September         0.0         72806.6         0.0           0.0          369.8          7.0
    October         194.3        36684.0         44.4          1.0          319.9          6.0
   November        1385.2        14823.0        111.8          1.3          187.1          4.8
   December        4749.6         6905.2        149.0          1.4          164.4          4.4
    January        11501.9        2985.3        176.0          1.8          101.7          3.3
   February        6088.6         7348.2        180.0          1.8          168.6          5.2
     March          520.0        24242.5         44.3          1.1          249.9          6.5
     April          145.8        38355.4         45.4          1.0          254.2          5.9
      May            0.4         66819.1         0.3           1.0          337.1          6.5
     June            0.0         92585.0         0.0           0.0          357.1          8.3
     July            0.0         101198.1        0.0           0.0          372.2          9.0
    August           0.0         113087.5        0.0           0.0          379.2          6.8
   September         0.0         72806.6         0.0           0.0          369.8          7.0
    October         194.3        36684.0         44.4          1.0          319.9          6.0
   November        1385.2        14823.0        111.8          1.3          187.1          4.8
   December        4749.6         6905.2        149.0          1.4          164.4          4.4
    January        11501.9        2985.3        176.0          1.8          101.7          3.3
   February        6088.6         7348.2        180.0          1.8          168.6          5.2
     March          520.0        24242.5         44.3          1.1          249.9          6.5
     April          145.8        38355.4         45.4          1.0          254.2          5.9
      May            0.4         66819.1         0.3           1.0          337.1          6.5
     June            0.0         92585.0         0.0           0.0          357.1          8.3
     July            0.0         101198.1        0.0           0.0          372.2          9.0
    August           0.0         113087.5        0.0           0.0          379.2          6.8
   September         0.0         72806.6         0.0           0.0          369.8          7.0
    October         194.3        36684.0         44.4          1.0          319.9          6.0
   November        1385.2        14823.0        111.8          1.3          187.1          4.8
   December        4749.6         6905.2        149.0          1.4          164.4          4.4
    January        11501.9        2985.3        176.0          1.8          101.7          3.3
   February        6088.6         7348.2        180.0          1.8          168.6          5.2
     March          520.0        24242.5         44.3          1.1          249.9          6.5
     April          145.8        38355.4         45.4          1.0          254.2          5.9
      May            0.4         66819.1         0.3           1.0          337.1          6.5
     June            0.0         92585.0         0.0           0.0          357.1          8.3
     July            0.0         101198.1        0.0           0.0          372.2          9.0
    August           0.0         113087.5        0.0           0.0          379.2          6.8
   September         0.0         72806.6         0.0           0.0          369.8          7.0
    October         194.3        36684.0         44.4          1.0          319.9          6.0
   November        1385.2        14823.0        111.8          1.3          187.1          4.8
   December        4749.6         6905.2        149.0          1.4          164.4          4.4
    January        11501.9        2985.3        176.0          1.8          101.7          3.3
   February        6088.6         7348.2        180.0          1.8          168.6          5.2
     March          520.0        24242.5         44.3          1.1          249.9          6.5
     April          145.8        38355.4         45.4          1.0          254.2          5.9
      May            0.4         66819.1         0.3           1.0          337.1          6.5
     June            0.0         92585.0         0.0           0.0          357.1          8.3
     July            0.0         101198.1        0.0           0.0          372.2          9.0
    August           0.0         113087.5        0.0           0.0          379.2          6.8
   September         0.0         72806.6         0.0           0.0          369.8          7.0
    October         194.3        36684.0         44.4          1.0          319.9          6.0
   November        1385.2        14823.0        111.8          1.3          187.1          4.8
   December        4749.6         6905.2        149.0          1.4          164.4          4.4
    January        11501.9        2985.3        176.0          1.8          101.7          3.3
   February        6088.6         7348.2        180.0          1.8          168.6          5.2
     March          520.0        24242.5         44.3          1.1          249.9          6.5
     April          145.8        38355.4         45.4          1.0          254.2          5.9
      May            0.4         66819.1         0.3           1.0          337.1          6.5
     June            0.0         92585.0         0.0           0.0          357.1          8.3
     July            0.0         101198.1        0.0           0.0          372.2          9.0
    August           0.0         113087.5        0.0           0.0          379.2          6.8
   September         0.0         72806.6         0.0           0.0          369.8          7.0
    October         194.3        36684.0         44.4          1.0          319.9          6.0
   November        1385.2        14823.0        111.8          1.3          187.1          4.8
   December        4749.6         6905.2        149.0          1.4          164.4          4.4
    January        11501.9        2985.3        176.0          1.8          101.7          3.3
   February        6088.6         7348.2        180.0          1.8          168.6          5.2
     March          520.0        24242.5         44.3          1.1          249.9          6.5
     April          145.8        38355.4         45.4          1.0          254.2          5.9
      May            0.4         66819.1         0.3           1.0          337.1          6.5
     June            0.0         92585.0         0.0           0.0          357.1          8.3
     July            0.0         101198.1        0.0           0.0          372.2          9.0
    August           0.0         113087.5        0.0           0.0          379.2          6.8
   September         0.0         72806.6         0.0           0.0          369.8          7.0
    October         194.3        36684.0         44.4          1.0          319.9          6.0
   November        1385.2        14823.0        111.8          1.3          187.1          4.8
   December        4749.6         6905.2        149.0          1.4          164.4          4.4
    January        11501.9        2985.3        176.0          1.8          101.7          3.3
   February        6088.6         7348.2        180.0          1.8          168.6          5.2
     March          520.0        24242.5         44.3          1.1          249.9          6.5
     April          145.8        38355.4         45.4          1.0          254.2          5.9
      May            0.4         66819.1         0.3           1.0          337.1          6.5
     June            0.0         92585.0         0.0           0.0          357.1          8.3
     July            0.0         101198.1        0.0           0.0          372.2          9.0
    August           0.0         113087.5        0.0           0.0          379.2          6.8
   September         0.0         72806.6         0.0           0.0          369.8          7.0
    October         194.3        36684.0         44.4          1.0          319.9          6.0
   November        1385.2        14823.0        111.8          1.3          187.1          4.8
   December        4749.6         6905.2        149.0          1.4          164.4          4.4
****************************************************************************************************

                                       Simulation Parameters

                                         Simulation Results

----------------------------------------- Peak Temperature -----------------------------------------
Max HP EFT, C:                                                                                35.000
Max HP EFT Time, Months:                                                                     235.216
Min HP EFT, C:                                                                                16.043
Min HP EFT Time, Months:                                                                       0.277
----------------------------------- Monthly Temperature Summary ------------------------------------
****************************************************************************************************
          Time                 BH Wall Temp              Max HP EFT               Min HP EFT
        (months)                    (C)                      (C)                      (C)
****************************************************************************************************
            1                      18.37                    19.51                    16.04
            2                      19.25                    21.14                    16.24
            3                      20.53                    23.34                    18.66
            4                      20.90                    23.75                    19.26
            5                      22.40                    26.19                    20.28
            6                      23.64                    27.64                    21.88
            7                      24.03                    28.21                    23.35
            8                      24.24                    28.50                    23.76
            9                      23.82                    27.97                    23.00
           10                      20.71                    25.98                    20.21
           11                      19.85                    23.00                    18.59
           12                      19.38                    21.86                    17.71
           13                      19.14                    19.17                    19.17
           14                      18.72                    18.59                    18.59
           15                      18.98                    19.00                    19.00
           16                      19.74                    20.10                    20.10
           17                      20.35                    20.94                    20.94
           18                      21.38                    22.39                    22.39
           19                      22.52                    23.97                    23.97
           20                      22.93                    24.45                    24.45
           21                      23.53                    25.23                    25.23
           22                      22.42                    23.56                    23.56
           23                      21.14                    21.69                    21.69
           24                      20.30                    20.51                    20.51
           25                      19.80                    19.83                    19.83
           26                      19.33                    19.20                    19.20
           27                      19.57                    19.59                    19.59
           28                      20.29                    20.65                    20.65
           29                      20.88                    21.47                    21.47
           30                      21.89                    22.90                    22.90
           31                      23.00                    24.45                    24.45
           32                      23.40                    24.92                    24.92
           33                      23.99                    25.69                    25.69
           34                      22.89                    24.02                    24.02
           35                      21.62                    22.17                    22.17
           36                      20.80                    21.01                    21.01
           37                      20.33                    20.36                    20.36
           38                      19.88                    19.75                    19.75
           39                      20.11                    20.14                    20.14
           40                      20.83                    21.19                    21.19
           41                      21.40                    21.99                    21.99
           42                      22.40                    23.40                    23.40
           43                      23.50                    24.94                    24.94
           44                      23.87                    25.40                    25.40
           45                      24.45                    26.16                    26.16
           46                      23.35                    24.48                    24.48
           47                      22.07                    22.62                    22.62
           48                      21.26                    21.47                    21.47
           49                      20.79                    20.82                    20.82
           50                      20.34                    20.22                    20.22
           51                      20.59                    20.62                    20.62
           52                      21.32                    21.68                    21.68
           53                      21.89                    22.48                    22.48
           54                      22.88                    23.89                    23.89
           55                      23.97                    25.42                    25.42
           56                      24.34                    25.87                    25.87
           57                      24.91                    26.62                    26.62
           58                      23.79                    24.93                    24.93
           59                      22.51                    23.06                    23.06
           60                      21.69                    21.90                    21.90
           61                      21.22                    21.25                    21.25
           62                      20.77                    20.65                    20.65
           63                      21.03                    21.05                    21.05
           64                      21.77                    22.13                    22.13
           65                      22.35                    22.94                    22.94
           66                      23.35                    24.36                    24.36
           67                      24.44                    25.89                    25.89
           68                      24.81                    26.34                    26.34
           69                      25.37                    27.08                    27.08
           70                      24.25                    25.38                    25.38
           71                      22.96                    23.51                    23.51
           72                      22.13                    22.34                    22.34
           73                      21.65                    21.68                    21.68
           74                      21.20                    21.07                    21.07
           75                      21.45                    21.48                    21.48
           76                      22.18                    22.54                    22.54
           77                      22.76                    23.35                    23.35
           78                      23.75                    24.76                    24.76
           79                      24.84                    26.29                    26.29
           80                      25.20                    26.73                    26.73
           81                      25.76                    27.47                    27.47
           82                      24.63                    25.77                    25.77
           83                      23.34                    23.89                    23.89
           84                      22.50                    22.71                    22.71
           85                      22.02                    22.05                    22.05
           86                      21.57                    21.44                    21.44
           87                      21.81                    21.83                    21.83
           88                      22.54                    22.89                    22.89
           89                      23.11                    23.71                    23.71
           90                      24.11                    25.12                    25.12
           91                      25.20                    26.64                    26.64
           92                      25.57                    27.10                    27.10
           93                      26.14                    27.84                    27.84
           94                      25.02                    26.15                    26.15
           95                      23.73                    24.28                    24.28
           96                      22.89                    23.10                    23.10
           97                      22.41                    22.44                    22.44
           98                      21.95                    21.82                    21.82
           99                      22.19                    22.21                    22.21
           100                     22.91                    23.27                    23.27
           101                     23.48                    24.08                    24.08
           102                     24.48                    25.49                    25.49
           103                     25.57                    27.01                    27.01
           104                     25.93                    27.46                    27.46
           105                     26.50                    28.20                    28.20
           106                     25.37                    26.51                    26.51
           107                     24.08                    24.63                    24.63
           108                     23.24                    23.45                    23.45
           109                     22.75                    22.79                    22.79
           110                     22.29                    22.16                    22.16
           111                     22.53                    22.55                    22.55
           112                     23.25                    23.61                    23.61
           113                     23.82                    24.41                    24.41
           114                     24.81                    25.81                    25.81
           115                     25.89                    27.34                    27.34
           116                     26.26                    27.78                    27.78
           117                     26.82                    28.52                    28.52
           118                     25.70                    26.83                    26.83
           119                     24.41                    24.96                    24.96
           120                     23.58                    23.79                    23.79
           121                     23.10                    23.13                    23.13
           122                     22.65                    22.52                    22.52
           123                     22.89                    22.92                    22.92
           124                     23.61                    23.97                    23.97
           125                     24.18                    24.78                    24.78
           126                     25.17                    26.18                    26.18
           127                     26.25                    27.69                    27.69
           128                     26.61                    28.14                    28.14
           129                     27.17                    28.88                    28.88
           130                     26.05                    27.18                    27.18
           131                     24.75                    25.30                    25.30
           132                     23.92                    24.13                    24.13
           133                     23.44                    23.47                    23.47
           134                     22.99                    22.86                    22.86
           135                     23.23                    23.25                    23.25
           136                     23.95                    24.31                    24.31
           137                     24.51                    25.11                    25.11
           138                     25.50                    26.50                    26.50
           139                     26.58                    28.02                    28.02
           140                     26.93                    28.46                    28.46
           141                     27.49                    29.20                    29.20
           142                     26.36                    27.50                    27.50
           143                     25.07                    25.62                    25.62
           144                     24.24                    24.45                    24.45
           145                     23.75                    23.78                    23.78
           146                     23.30                    23.17                    23.17
           147                     23.54                    23.56                    23.56
           148                     24.25                    24.61                    24.61
           149                     24.81                    25.41                    25.41
           150                     25.80                    26.80                    26.80
           151                     26.88                    28.32                    28.32
           152                     27.23                    28.76                    28.76
           153                     27.78                    29.49                    29.49
           154                     26.66                    27.79                    27.79
           155                     25.36                    25.91                    25.91
           156                     24.52                    24.73                    24.73
           157                     24.04                    24.07                    24.07
           158                     23.58                    23.45                    23.45
           159                     23.82                    23.84                    23.84
           160                     24.53                    24.89                    24.89
           161                     25.09                    25.69                    25.69
           162                     26.07                    27.08                    27.08
           163                     27.15                    28.59                    28.59
           164                     27.50                    29.03                    29.03
           165                     28.06                    29.76                    29.76
           166                     26.93                    28.06                    28.06
           167                     25.63                    26.18                    26.18
           168                     24.79                    25.00                    25.00
           169                     24.30                    24.33                    24.33
           170                     23.85                    23.72                    23.72
           171                     24.08                    24.10                    24.10
           172                     24.79                    25.15                    25.15
           173                     25.35                    25.95                    25.95
           174                     26.33                    27.34                    27.34
           175                     27.41                    28.85                    28.85
           176                     27.76                    29.28                    29.28
           177                     28.31                    30.02                    30.02
           178                     27.18                    28.31                    28.31
           179                     25.88                    26.43                    26.43
           180                     25.04                    25.25                    25.25
           181                     24.55                    24.58                    24.58
           182                     24.09                    23.96                    23.96
           183                     24.33                    24.35                    24.35
           184                     25.04                    25.39                    25.39
           185                     25.59                    26.19                    26.19
           186                     26.57                    27.58                    27.58
           187                     27.64                    29.09                    29.09
           188                     28.00                    29.52                    29.52
           189                     28.54                    30.25                    30.25
           190                     27.41                    28.55                    28.55
           191                     26.11                    26.66                    26.66
           192                     25.27                    25.48                    25.48
           193                     24.78                    24.81                    24.81
           194                     24.32                    24.19                    24.19
           195                     24.55                    24.58                    24.58
           196                     25.26                    25.62                    25.62
           197                     25.82                    26.41                    26.41
           198                     26.79                    27.80                    27.80
           199                     27.87                    29.31                    29.31
           200                     28.22                    29.74                    29.74
           201                     28.77                    30.47                    30.47
           202                     27.63                    28.77                    28.77
           203                     26.33                    26.88                    26.88
           204                     25.49                    25.70                    25.70
           205                     25.00                    25.03                    25.03
           206                     24.54                    24.41                    24.41
           207                     24.77                    24.79                    24.79
           208                     25.48                    25.83                    25.83
           209                     26.03                    26.63                    26.63
           210                     27.01                    28.01                    28.01
           211                     28.08                    29.52                    29.52
           212                     28.43                    29.95                    29.95
           213                     28.97                    30.68                    30.68
           214                     27.84                    28.98                    28.98
           215                     26.54                    27.09                    27.09
           216                     25.70                    25.90                    25.90
           217                     25.20                    25.23                    25.23
           218                     24.74                    24.61                    24.61
           219                     24.97                    24.99                    24.99
           220                     25.68                    26.04                    26.04
           221                     26.23                    26.83                    26.83
           222                     27.21                    28.21                    28.21
           223                     28.28                    29.72                    29.72
           224                     28.62                    30.15                    30.15
           225                     29.17                    30.88                    30.88
           226                     28.04                    29.17                    29.17
           227                     26.73                    27.28                    27.28
           228                     25.89                    26.10                    26.10
           229                     25.30                    26.44                    23.04
           230                     26.10                    27.99                    23.13
           231                     27.31                    30.11                    25.47
           232                     27.63                    30.49                    26.02
           233                     29.05                    32.83                    26.99
           234                     30.21                    34.22                    28.53
           235                     30.59                    34.77                    29.93
           236                     30.74                    35.00                    30.27
           237                     30.28                    34.43                    29.46
           238                     27.17                    32.43                    26.67
           239                     26.31                    29.45                    25.05
           240                     25.83                    28.31                    24.16
****************************************************************************************************
